1   5.1764638682821997e-05
2   5.5334613764395924e-05
3   8.300192064659387e-05
4   0.00015172394096689206
5   0.0002606081809548969
6   0.000948720877928272
7   0.0007023925972996709
8   0.0010625138336534412
9   0.0015819452080224482
10   0.002241051857458035
11   0.003092490914413417
12   0.004197844449045746
13   0.009825463918261848
14   0.008160070542707613
15   0.00974290824450045
16   0.01221020727275323
17   0.047540911914434845
18   0.021017335798996117
19   0.06607265256288511
20   0.04841020084679809
21   0.04611559936311646
22   0.04649133924045212
23   0.0603745260858079
24   0.07802582162976501
25   0.06571387006718693
26   0.084329058883169
27   0.10812338904874441
28   0.12077582698472755
29   0.13661179019970449
30   0.14207697580270884
31   0.17565214519802663
32   0.20112436365194175
33   0.2351640760547491
34   0.2689784337805323
35   0.28068170459170183
36   0.3426408533668437
37   0.34343338783495314
38   0.39414934633756227
39   0.39229251304825885
40   0.42524606053249725
41   0.48182213313151045
42   0.513865336969948
43   0.6910485552310845
44   0.7127740848368873
45   0.746875379309853
46   0.8950958359810643
47   0.8445641774420416
48   0.9001977766195193
49   0.9671245457206705
50   1.057745239438228
51   1.0509341732294715
52   1.1496127469530268
53   1.3565008353741685
54   1.3321254917640672
55   1.4172622575094422
56   1.5503589609944513
57   1.7014746674568215
58   1.9816253382551388
59   1.8743797168295764
60   1.9987049915391601
61   2.2179844634684436
62   2.3299107684728355
63   2.4284795654626308
64   2.6012159335127834
65   2.8264470001499404
66   2.9654203288661023
67   3.2266505779789654
68   3.2952088256923986
69   3.562438864176727
70   3.8312758376946476
71   3.947523151288408
72   4.228418608138114
73   4.417791060068396
74   4.681877289246529
75   4.853462340332868
76   5.032956224965545
77   5.529507182789857
78   5.788886846069815
79   6.1884942380602155
80   6.616685528035006
81   6.913335284919711
82   7.180789785587294
83   7.5014386999578875
84   7.7317926808370885
85   8.070843478012534
86   8.573653940895497
87   8.890650324510716
88   9.190603647086533
89   9.591077650528007
90   10.162445468630636
91   10.550089874122676
92   10.968686409818844
93   11.41068814839673
94   12.07841762639498
95   12.708732873044568
96   12.991054981186238
97   13.579336448731624
98   14.294147204352555
99   14.836544674668176